42
11 41 -2 15 15 0 12.0 0 10.5
25 44 -2 15 15 0 12.0 0 10.5
25 41 -2 15 15 15 9.0 2.2 12.0
4 27 -2 15 15 15 9.0 2.2 12.0
11 24 -2 15 15 15 9.0 2.2 12.0
25 27 -2 15 15 15 9.0 2.2 12.0
35 27 -2 14 14 14 8.4 2.1 11.2
5 35 -2 14 14 14 8.4 2.1 11.2
5 35 -2 19 19 19 11.4 2.9 15.2
35 24 -2 19 19 0 15.2 0 13.3
5 35 -2 19 19 0 15.2 0 13.3
5 35 -2 19 19 0 15.2 0 13.3
4 1 -2 19 19 19 11.4 2.9 15.2
11 5 -2 16 16 0 12.8 0 11.2
16 24 -2 14 14 14 8.4 2.1 11.2
11 4 -2 14 14 0 11.2 0 9.8
27 25 -2 15 15 15 9.0 2.2 12.0
6 5 -2 15 15 15 9.0 2.2 12.0
35 24 -2 15 15 15 9.0 2.2 12.0
11 5 -2 14 14 0 11.2 0 9.8
29 1 -2 14 14 14 8.4 2.1 11.2
24 11 -2 12 12 0 9.6 0 8.4
18 41 -2 16 16 0 12.8 0 11.2
28 44 -2 16 16 0 12.8 0 11.2
6 1 -2 16 16 0 12.8 0 11.2
4 1 -2 14 14 0 11.2 0 9.8
11 24 -2 14 14 0 11.2 0 9.8
29 24 -2 18 18 0 14.4 0 12.6
35 27 -2 18 18 0 14.4 0 12.6
4 35 -2 18 18 0 14.4 0 12.6
41 11 -2 18 18 0 14.4 0 12.6
44 6 -2 16 16 0 12.8 0 11.2
27 4 -2 16 16 0 12.8 0 11.2
25 5 -2 16 16 0 12.8 0 11.2
25 5 -2 16 16 0 16 0 0
5 35 -2 16 16 0 12.8 0 11.2
41 1 -2 16 16 0 12.8 0 11.2
4 11 -2 16 16 0 12.8 0 11.2
4 24 -2 14 14 0 11.2 0 9.8
25 44 -2 14 14 0 14 0 0
11 5 -2 16 16 0 12.8 0 11.2
41 11 -2 16 16 0 12.8 0 11.2

