-6 -5.36503 16 10 -3
-6 -5.52833 6 16 -4
-5.52833 -4.89336 16 10 -4
-5.36503 -2.52827 10 11 -3
-2 0.836755 11 10 -3 1
-6 -5.54915 41 2 -2
-5.54915 -5.01226 2 15 -2
-5.01226 -4.24558 15 10 -2
-4.89336 -4.56995 10 25 -4
-1 -0.568795 25 10 -4 2
-0.568795 0.726581 10 15 -2 2
0.726581 1.47823 15 2 2
0.836755 2.13213 10 15 -4 1
1 3.05802 25 10 3
1 6.22087 27 28 17
1.47823 2.35408 2 29 2
2.13213 2.88378 15 2 1
2.88378 3.51497 2 41 1
3.05802 4.19148 10 15 -3 3
4 4.82542 4 21 4
4 5.95047 5 21 8
4 5.43719 5 21 9
4.19148 4.94313 15 2 3
4.82542 5.22871 21 16 4
4.94313 5.57432 2 41 3
5 10.2498 11 10 5
-6 -5.09775 27 18 -1
-5.09775 -4.40035 18 33 -1
-4.40035 -3.60831 33 23 -1
-3.60831 -3.06522 23 22 -1
-3.06522 -2.52475 22 24 -1
5 6.22146 24 12 -1 22
0.726581 1.34802 15 6 -2
1.34802 1.81969 6 16 -2
5.22871 6.64994 16 20 -2 4
5.43719 5.75558 21 16 9
5.75558 9.54352 16 10 9
5.95047 6.38257 21 16 8
6 7.43719 5 21 11
2.13213 3.26624 15 13 -4
3.26624 3.70238 13 7 -4
3.70238 4.1999 7 20 -4
4.1999 4.42842 20 19 -4
4.42842 4.58278 19 8 -4
4.58278 4.87208 8 12 -4
4.87208 6.01313 12 42 -4
6.01313 6.39964 42 30 -4
6.39964 7.47802 30 28 -4
7.47802 8.54892 28 30 -4 17
6.22146 6.82574 12 8 -1 22
6.38257 11.6135 16 10 8
6.64994 7.76656 20 19 4
6.82574 7.062 8 19 -1 22
4.19148 4.95816 15 10 -3
4.95816 7.79491 10 11 -3
7.79491 10.6317 11 10 -3 14
7.062 7.67774 19 36 -1 22
7.43719 7.75558 21 16 11
7.67774 8.78673 36 43 -1 22
6.64994 7.79928 20 16 -2
7.79928 8.62522 16 10 -2 11
7.76656 8.66866 19 8 4
8.54892 9.03334 30 42 17
9.54352 10.43 10 35 -2 11 9
8.66866 10.9759 8 12 4
8.78673 9.43311 43 13 -1 22
9 11.058 25 10 6
8.54892 9.02166 30 42 -4
9.03334 10.2131 42 12 -4 17
9.43311 9.86431 13 10 -1 22
9.86431 12.7011 10 11 -1 22
10 12.5328 35 10 7
10.43 11.3165 35 10 -2
11.3165 11.9589 10 16 -2
11.9589 13.4817 16 20 -2 15
10.2131 12.5204 12 8 17
10.2498 11.8963 10 13 5
10.6317 11.8461 10 15 -3 14
10.9759 12.1557 12 42 -4 4
11.058 12.7044 10 13 6
11.6135 14.1464 10 35 8
11.8461 12.5508 15 2 14
11.8963 15.8145 13 7 5
11.8461 12.6225 15 10 -3
12.6225 13.509 10 35 -3
13.509 14.3955 35 10 -3 10
12.1557 12.6401 42 30 4
12.5204 13.4224 8 19 17
12.5328 14.2577 10 13 7
12.5508 13.739 2 5 14
12.1557 12.6284 42 30 -4
12.6401 14.1549 30 18 -4 4
12.7044 16.6227 13 7 6
13 14.4372 5 21 12
14 16.608 11 10 -1 20
14.1549 14.8466 18 33 -4
14.8466 15.5235 33 28 -4
15.5235 16.6709 28 30 -4 24
13.4224 15.6335 19 36 17
13.4817 13.6571 20 19 15
13.6571 14.6022 19 8 15
14.1549 17.5384 18 27 4
14.2577 18.3625 13 7 7
14.3955 14.6441 10 13 -3 10
14.4372 14.7556 21 16 12
14.6022 18.7014 8 9 15
14.6441 15.2923 13 7 -3 10
13.4817 14.5831 20 16 -2
14.7556 15.4783 16 10 -2 12
16.6227 17.2909 7 20 -3 10 5 6
15.4783 16.1646 10 35 -2 12
15.6335 19.8679 36 43 17
16 21.3178 6 15 18
16 16.3546 35 10 19
16.3546 16.5961 10 13 19
16.5961 20.5143 13 7 19
16.608 17.9959 10 15 -1 20
16.6709 17.2386 30 42 -4 24
16.1646 16.8509 35 10 -2
16.8509 17.0579 10 13 -2
17.0579 17.5739 13 7 -2
18.3625 19.0785 7 20 -2 7
17.2386 17.6722 42 30 -4
17.6722 19.1136 30 18 -4
19.1136 20.7367 18 30 -4 23
19.0785 19.3514 20 19 -2 10 5 6
17.2909 17.5476 20 19 -3
17.5476 17.6923 19 8 -3
17.6923 18.0227 8 12 -3
18.0227 19.1537 12 42 -3
19.1537 20.4177 42 12 -3 24
17.9959 18.8012 15 2 20
18.7014 19.2703 9 24 15
18.8012 20.1592 2 5 20
19.0785 19.2539 20 19 7
19.2539 20.199 19 8 7
19.3514 19.5168 19 8 -2 10 5 6
19.5168 20.2342 8 9 -2 10 5
19.5168 19.8552 8 12 6
20.4177 21.5975 12 42 -3 6
19.8679 22.3358 43 13 17
20.199 20.5615 8 12 7
20.2342 21.1191 9 24 -2 10 5
17.9959 18.9865 15 13 -1
18.9865 19.5025 13 7 -1
20.5143 21.1826 7 20 -1 19
21.1191 21.9522 24 12 -2
21.9522 22.3488 12 8 -2 24
21.1826 21.4282 20 19 -1 19
21.4282 21.5936 19 8 -1 19
21.5936 21.8608 8 12 -1
21.8608 23.1248 12 42 -1 7
20.7367 21.3044 30 42 -4 23
22.3488 22.526 8 19 -2 24
22.526 22.7716 19 20 -2 24
22.7716 23.3775 20 7 -2
23.3775 23.9104 7 13 -2
23.9104 24.3128 13 10 -2 17
24.3128 26.9636 10 11 -2
26.9636 29.6143 11 10 -2 16
21 21.9384 29 2 21
21.3044 22.5684 42 12 -4 23
21.3178 22.0695 15 2 18
21.5936 25.5065 8 9 19
21.5975 22.0819 42 30 6
21.9384 23.2656 2 21 21
22.0695 23.3369 2 5 18
21.5975 22.0199 42 30 -3
22.0819 23.5968 30 18 -3 6
22.5684 22.965 12 8 -4 23
22.965 23.1422 8 19 -4 23
23.1422 23.3878 19 20 -4 23
23.3878 24.9106 20 16 -4 24 23
23 23.6517 4 21 13
23.1248 23.6438 42 30 7
23.2656 23.6977 21 16 21
23.5968 26.9802 18 27 6
23.1248 23.4764 42 30 -1
23.6438 25.2669 30 18 -1 7
23.6517 23.97 21 16 13
23.6977 28.437 16 13 21
23.97 27.4019 16 13 13
24.3128 26.3709 10 25 17
24.9106 25.2886 16 21 24
24.9106 25.2886 16 21 23
25.2669 28.8115 18 27 7
25.2886 26.4499 21 2 23
25.2886 26.4499 21 2 24
25.5065 26.0374 9 24 19
26.4499 27.271 2 29 24
26.4499 27.0417 2 41 23
27.4019 28.5221 13 0 13
28.437 28.669 13 0 21
28.5221 32.1409 0 1 13
28.669 33.6663 0 1 21
23.5968 24.9461 18 30 -3
24.9106 25.3672 16 6 -4
29 30.313 6 7 -4 25
29.6143 30.5951 10 16 -2 16
30.313 30.9865 7 13 -4 25
30.5951 31.0272 16 21 16
30.9865 31.2765 13 0 -4 25
31.0272 31.9116 21 4 16
31.2765 33.3158 0 1 -4 25
24.9461 25.8695 30 28 -3
25.2669 26.2378 18 27 -1
34 35.0255 27 28 -1 33
35 35.7299 29 2 28
35.0255 36.1729 28 30 -3 33
35.7299 36.7621 2 21 28
30.5951 30.8832 16 21 -2
30.8832 31.4728 21 4 -2
36 37.1055 4 21 -2 26
36.1729 36.7406 30 42 -3 33
36.7406 38.0047 42 12 -3 33
37.1055 37.6456 21 16 -2 28 26
37.6456 38.9991 16 20 -2 28
33.3158 35.3551 1 0 -4
35.3551 35.5613 0 13 -4
35.5613 37.4484 13 16 -4
37.6456 39.5327 16 13 -4 26
35.0255 35.9169 28 30 -1
35.9169 36.2876 30 42 -1
36.2876 37.3924 42 12 -1
38.0047 38.4012 12 8 -1 33
38.0047 38.3615 12 8 -3
38.4012 38.5784 8 19 -3 33
38.4012 38.5374 8 19 -1
38.5784 38.7977 19 20 -1 33
38.5784 38.792 19 20 -3
39.5327 39.7948 13 10 -4
39.7948 42.1048 10 11 -4
42.1048 44.3822 11 10 -4 27
38.7977 40.3205 20 16 -3 33
38.9991 39.2128 20 19 -1 28
39.2128 39.3703 19 8 -1 28
39.3703 40.0535 8 9 -1 28
38.9991 39.5444 20 7 -2
39.5444 40.0793 7 13 -2
40.0793 40.4107 13 0 -2 26
40.0535 40.6066 9 24 -1 28
40.3205 40.7931 16 21 -3 33
40.4107 42.6037 0 1 -2 26
40.7931 41.7604 21 4 -3 33
40.6066 41.4023 24 12 -1
41.4023 41.6993 12 8 -1
41.6993 41.8355 8 19 -1
41.8355 42.0491 19 20 -1
42.0491 42.6444 20 7 -1
42.6444 43.1932 7 13 -1
43.1932 43.4168 13 10 -1
43.4168 44.0519 10 35 -1
44.0519 44.687 35 10 -1 29
44 44.8598 4 21 -3 30
44 44.526 41 2 31
42.6037 44.7842 1 0 -2
44.7842 44.9973 0 13 -2
44.9973 45.9947 13 15 -2
45.9947 46.5868 15 44 -2
46.5868 47.4658 44 15 -2 32
44.687 45.0104 10 13 -4 27 29
44.526 45.1524 2 15 31
44.8598 45.2799 21 16 -3 30
45.0104 45.89 13 7 -4 27 29
47.4658 48.5452 15 10 -2 31
45.2799 46.0702 16 10 -3 30
45.89 46.7083 7 20 -4 27 29
46.0702 46.7053 10 35 -1 30
46.7083 46.9589 20 19 -4 27 29
46.9589 47.1614 19 8 -4 27 29
47.1614 48.0398 8 9 -4 27
46.0702 46.3388 10 13 -3
46.3388 46.8877 13 7 -3
46.8877 47.483 7 20 -3
47.483 47.6966 20 19 -3
47.6966 47.8369 19 8 -3
47.8369 48.1894 8 12 -3 29
46.7053 47.3404 35 10 -1
47.3404 48.1285 10 15 -1
48.1285 49.173 15 6 -1 32
49.173 49.6116 6 16 -1
49.6116 50.1109 16 10 -1
50.1109 50.4449 10 25 -1
50.4449 50.8492 25 10 -1 34
48.0398 48.751 9 24 -4 27
48.1894 49.313 12 42 -3 29
48.5452 50.8226 10 11 -2 31
49.313 49.8176 42 30 -3 29
49.8176 51.2603 30 18 -3 29
50 51.7067 5 21 36
50.8492 51.5358 10 16 34
51 51.5917 41 2 37
51.2603 52.2528 18 27 -3 29
48.751 49.5467 24 12 -4
49.5467 49.8217 12 8 -4
49.8217 49.948 8 19 -4
49.948 50.1616 19 20 -4
50.1616 51.3391 20 16 -4
51.5358 52.0084 16 21 -4 34
51.5917 52.753 2 21 37
52.753 53.2256 21 16 -4 36 37
52.0084 53.715 21 5 34
50.8492 51.3485 10 16 -1
51.3485 51.6545 16 21 -1
51.6545 52.2315 21 4 -1
53 53.9673 4 21 -1 38
53 55.5265 11 10 -2 41
53.2256 53.9122 16 10 36
53.2256 53.9122 16 10 37
55.5265 55.8095 10 13 -2 37
53.2256 53.8194 16 10 -4
53.9122 54.9253 10 35 -4 36
53.9673 54.4399 21 16 -1 38
54.4399 55.1265 16 10 38
54.4399 54.7459 16 21 -1
54.7459 55.3229 21 4 -1
55.3229 56.4284 4 21 -1 39
54.9253 55.9385 35 10 -4
55.9385 58.4649 10 11 -4 38
55.5265 56.213 10 16 41
55.8095 56.0995 13 0 -2 37
56.0995 58.2474 0 1 -2 37
56.213 56.5911 16 21 41
56.4284 56.8605 21 16 39
56.5911 57.365 21 4 41
56.4284 56.7033 21 16 -1
56.8605 58.6007 16 20 -1 39
57.365 58.4342 4 5 41
58 58.5917 41 2 42
58.5917 59.2964 2 15 42
58.6007 58.8514 20 19 -1 39
58.8514 59.0539 19 8 -1 39
59.0539 59.9323 8 9 -1 39
52.2528 53.1626 27 28 -3
53.1626 54.0463 28 30 -3
54.0463 54.5349 30 42 -3
54.5349 55.6302 42 12 -3
55.6302 55.9052 12 8 -3
55.9052 56.0315 8 19 -3
56.0315 56.2452 19 20 -3
56.2452 56.8483 20 7 -3
56.8483 57.3851 7 13 -3
57.3851 58.5495 13 15 -3
59.2964 60.359 15 10 -3 42
59.9323 60.6435 9 24 -1 39
60.359 62.669 10 11 -3 42
