-4 -3.37585 16 10 -3
-3.37585 -1.03244 10 11 -3
-1.03244 1.31096 11 10 -3 1
-4 -3.54915 41 2 -2
-4 -3.54131 6 16 -4
-4 -3.86894 8 19 -5
-3.86894 -3.62928 19 20 -5
-3.62928 -2.98625 20 7 -5
-3.54915 -3.01226 2 15 -2
-3.54131 -2.91716 16 10 -4
-3.01226 -2.26126 15 10 -2
-2.98625 -2.45722 7 13 -5
-2.91716 -2.52154 10 25 -4
-1 -0.568795 25 10 -4 2
-0.568795 0.726581 10 15 -2 2
0.726581 1.47663 15 44 2
1 3.05802 25 10 3
1 6.22087 27 28 17
1.31096 2.60634 10 15 -4 1
2.60634 3.35799 15 2 1
3.05802 4.19148 10 15 -3 3
3.35799 3.98918 2 41 1
4 4.82542 4 21 4
4 5.95047 5 21 8
4 5.43719 5 21 9
4.19148 4.94313 15 2 3
4.82542 5.22871 21 16 4
4.94313 5.57432 2 41 3
5 10.2498 11 10 5
5 6.22146 24 12 -6 22
-4 -3.08721 27 28 -1
-3.08721 -2.2305 28 30 -1
-2.45722 -0.573379 13 16 -5
5.22871 6.64994 16 20 -5 4
5.43719 5.75558 21 16 9
5.75558 9.54352 16 10 9
5.95047 6.38257 21 16 8
6 7.43719 5 21 11
-2.2305 -1.37378 30 28 -1
6.22087 7.29176 28 30 -1 17
6.22146 6.7502 12 8 -6 22
6.38257 11.6135 16 10 8
6.64994 7.76656 20 19 4
6.7502 6.98647 8 19 -6 22
6.98647 7.62651 19 36 -6 22
0.726581 1.47758 15 10 -2
1.47758 3.82099 10 11 -2
7 9.34341 11 10 -2 14
7.29176 7.77619 30 42 17
2.60634 3.21789 15 6 -4
3.21789 3.67658 6 16 -4
3.67658 3.96151 16 21 -4
7.43719 7.83517 21 16 -4 11
7.62651 8.7355 36 43 -6 22
7.76656 8.66866 19 8 4
7.29176 7.68103 30 42 -1
7.77619 8.95598 42 12 -1 17
7.83517 8.66112 16 10 -4 11
9.54352 10.5106 10 35 -4 11 9
8.66866 9.00705 8 12 4
8.7355 9.38188 43 13 -6 22
8.95598 9.29437 12 8 17
9 11.058 25 10 6
9.00705 10.1868 12 42 -1 4
9.29437 10.1965 8 19 17
9.34341 10.5578 10 15 -2 14
9.38188 9.81308 13 10 -6 22
9.81308 12.1565 10 11 -6 22
10 12.5328 35 10 7
4.19148 4.80303 15 6 -3
4.80303 5.26172 6 16 -3
10 11.5227 16 20 -3 15
10.1868 10.6713 42 30 4
10.1965 12.4075 19 36 17
10.2498 11.8963 10 13 5
10.5578 11.2625 15 2 14
6.64994 6.8896 20 19 -5
6.8896 7.02066 19 8 -5
7.02066 7.28036 8 12 -5
7.28036 8.39156 12 42 -5
8.39156 8.78083 42 30 -5
10.6713 12.1861 30 18 -5 4
11.058 12.7044 10 13 6
11.2625 12.4507 2 5 14
11.5227 12.6925 20 19 15
11.6135 14.1464 10 35 8
11.8963 15.8145 13 7 5
12 12.9671 35 10 -4 10
12.1861 15.5696 18 27 4
12.4075 16.6419 36 43 17
12.5328 14.2577 10 13 7
12.6925 13.6376 19 8 15
12.7044 16.6227 13 7 6
12.9671 13.2394 10 13 -4 10
13 14.4372 5 21 12
10.1868 10.5761 42 30 -1
10.5761 11.4328 30 28 -1
13 14.1474 28 30 -1 24
14.2577 15.0273 13 7 -4 10 7
13.6376 17.7368 8 9 15
14 16.608 11 10 -6 20
14.1474 14.7151 30 42 -1 24
14.4372 14.7556 21 16 12
14.7151 15.9791 42 12 -1 24
10.5578 11.1694 15 6 -2
11.1694 11.6281 6 16 -2
14.7556 15.4783 16 10 -2 12
15.8145 16.5305 7 20 -4 10 7 5
15.4783 16.1646 10 35 -2 12
15.9791 16.3757 12 8 -1 24
16 21.3178 6 15 18
16 16.3546 35 10 19
16.3546 16.5961 10 13 19
16.3757 16.5529 8 19 -1 24
16.5305 16.7441 20 19 -3 10
16.5305 16.7059 20 19 7
16.5305 16.6942 20 19 5
16.5529 17.2102 19 36 -1 24
16.5961 20.5143 13 7 19
16.608 17.9959 10 15 -6 20
16.6227 20.2676 7 20 6
16.6419 19.1098 43 13 17
16.6942 17.5963 19 8 5
16.7059 17.651 19 8 7
16.7441 16.8933 19 8 -3 10
17.5963 18.3137 8 9 -3 10 5
17 18.623 18 30 -5 23
17.2102 18.2872 36 43 -1 24
17.651 18.0135 8 12 7
17.7368 18.3057 9 24 15
17.9959 18.8012 15 2 20
16.5305 16.7441 20 19 -4
16.7441 16.8888 19 8 -4
16.8888 17.1638 8 12 -4
18.0135 19.2776 12 42 -4 7
18.2872 18.7719 43 13 -1 24
18.3137 19.1987 9 24 -3 10 5
18.623 19.1907 30 42 -5 23
18.7719 20.1081 13 15 -1 24
18.8012 20.1592 2 5 20
19.1098 19.3513 13 10 17
19.1907 20.4548 42 12 -5 23
19.2776 19.7966 42 30 7
19.3513 19.6532 10 25 17
19.2776 19.6385 42 30 -4
19.7966 21.4197 30 18 -4 7
20.1081 20.8127 15 2 24
20.2676 20.4314 20 19 6
20.4314 21.3335 19 8 6
20.4548 20.8513 12 8 -5 23
20.5143 24.1593 7 20 19
16.1646 16.8509 35 10 -2
16.8509 17.6306 10 15 -2
17.6306 18.1675 15 2 -2
20.8127 21.3208 2 44 -2 24
20.8513 21.0285 8 19 -5 23
17.9959 18.7756 15 10 -6
18.7756 21.3836 10 11 -6
21.3836 23.9916 11 10 -6 16
21 21.9384 29 2 21
21.0285 21.2422 19 20 -5 23
21.2422 22.7649 20 16 -5 23
21.3178 22.0695 15 2 18
21.3335 21.6719 8 12 6
21.4197 24.9643 18 27 7
19.1987 20.0212 24 12 -3
21.6719 22.8517 12 42 -3 6
21.9384 23.2656 2 21 21
22.0695 23.3369 2 5 18
22.7649 23.143 16 21 23
22.8517 23.3361 42 30 6
23 23.6517 4 21 13
23.143 24.3043 21 2 23
23.2656 23.6977 21 16 21
21.4197 22.8611 18 30 -4
23.3361 24.8509 30 18 -4 6
23.6517 23.97 21 16 13
23.6977 28.437 16 13 21
23.97 27.4019 16 13 13
23.9916 24.9724 10 16 -6 16
24.1593 24.323 20 19 19
24.3043 24.896 2 41 23
24.323 25.2251 19 8 19
24.8509 28.2344 18 27 6
24.9724 25.4045 16 21 16
25.2251 29.138 8 9 19
25.4045 26.2888 21 4 16
27.4019 28.5221 13 0 13
28.437 29.9839 13 0 21
28.5221 32.1409 0 1 13
20.1081 20.7549 15 6 -1
29 30.313 6 7 -1 25
29.138 29.669 9 24 19
29.9839 34.9812 0 1 21
30.313 31.0827 7 13 -1 25
31.0827 31.3727 13 0 -1 25
31.3727 33.5678 0 1 -1 25
21.3208 21.9254 44 15 -2
21.9254 22.916 15 13 -2
22.7649 23.953 16 20 -5
22.8517 23.2126 42 30 -3
22.916 23.432 13 7 -2
23.2126 24.2205 30 28 -3
23.432 23.9772 7 20 -2
23.953 24.1666 20 19 -5
23.9772 24.1909 20 19 -2
24.1666 24.3113 19 8 -5
24.1909 24.3356 19 8 -2
24.2205 25.0218 28 27 -3
34 35.0255 27 28 -3 33
35 35.7299 29 2 28
35.0255 36.1729 28 30 -3 33
35.7299 36.7621 2 21 28
36 36.8844 4 21 26
36.1729 36.7406 30 42 -3 33
36.7406 38.0047 42 12 -3 33
36.7621 37.0982 21 16 28
36.8844 37.3165 21 16 26
37.0982 38.4517 16 20 -6 28
24.3113 24.456 8 19 -5
24.3356 24.4803 8 19 -2
24.456 24.6696 19 20 -5
24.4803 24.6939 19 20 -2
24.6696 25.8577 20 16 -5
37.3165 39.2134 16 13 -5 26
24.6939 25.2392 20 7 -2
24.8509 26.2924 18 30 -4
25.2392 25.7552 7 13 -2
25.7552 25.9622 13 10 -2
25.9622 28.5701 10 11 -2
38 40.608 11 10 -2 27
38.0047 38.4012 12 8 -3 33
38.4012 38.5784 8 19 -3 33
38.4517 38.6654 20 19 -6 28
38.5784 38.792 19 20 -3 33
38.6654 38.8229 19 8 -6 28
38.792 40.3148 20 16 -3 33
38.8229 39.5061 8 9 -6 28
39.2134 39.5449 13 0 -5 26
39.5061 40.0592 9 24 -6 28
39.5449 41.74 0 1 -5 26
40.3148 40.6929 16 21 33
40.608 40.9314 10 13 -2 27
40.6929 41.4667 21 4 33
40.9314 41.811 13 7 -2 27
41.811 42.6292 7 20 -2 27
42.6292 42.8799 20 19 -2 27
42.8799 43.0824 19 8 -2 27
26.2924 26.6533 30 42 -4
26.6533 27.7842 42 12 -4
27.7842 28.0593 12 8 -4
28.0593 28.204 8 19 -4
28.204 28.4176 19 20 -4
28.4176 28.9629 20 7 -4
28.9629 29.4789 7 13 -4
29.4789 29.6858 13 10 -4
29.6858 30.3722 10 35 -4
43 43.8865 35 10 -4 29
43.0824 43.9608 8 9 -2 27
43.8865 44.174 10 13 -4 29
43.9608 44.672 9 24 -2 27
44 44.6879 4 21 30
44 44.526 41 2 31
33.5678 35.7629 1 0 -1
35.7629 35.9831 0 13 -1
35.9831 36.9737 13 15 -1
36.9737 37.5783 15 44 -1
44 44.879 44 15 -1 32
44.174 44.8581 13 7 -4 29
44.526 45.1524 2 15 31
44.6879 45.0239 21 16 30
44.8581 45.4945 7 20 -4 29
44.879 45.793 15 6 -1 32
45.0239 45.8958 16 10 -3 30
40.0592 40.8817 24 12 -6
40.8817 41.1568 12 8 -6
41.1568 41.3015 8 19 -6
41.3015 41.5151 19 20 -6
41.5151 42.0604 20 7 -6
41.74 43.9351 1 0 -5
42.0604 42.4965 7 13 -6
42.4965 43.4405 13 15 -6
45.1524 46.2318 15 10 -6 31
45.4945 45.723 20 19 -4 29
45.723 45.8805 19 8 -4 29
45.8805 46.2834 8 12 -4 29
45.8958 46.7822 10 35 -3 30
46.2318 49.0686 10 11 -6 31
46.2834 47.4245 12 42 -4 29
47.4245 48.0011 42 30 -4 29
43.9351 44.1262 0 13 -5
44.1262 44.3392 13 10 -5
44.3392 44.6627 10 25 -5
48 48.4043 25 10 -5 34
48.0011 49.516 30 18 -4 29
48.4043 49.6187 10 15 -5 34
49.516 50.4182 18 27 -4 29
49.6187 50.3233 15 2 34
50 51.7067 5 21 36
50.3233 51.5115 2 5 34
51 51.5917 41 2 37
51.5917 52.753 2 21 37
51.7067 52.0847 21 16 36
44.672 45.498 24 12 -2
45.498 45.7873 12 8 -2
45.7873 45.9417 8 19 -2
45.793 46.2646 6 16 -1
52.0847 53.0656 16 10 -1 36
52.753 53.1311 21 16 37
53 53.7738 4 21 38
53 55.8368 11 10 -6 41
53.0656 53.952 10 35 -1 36
45.9417 46.1702 19 20 -2
46.1702 47.3195 20 16 -2
53.1311 54.955 16 13 -2 37
53.7738 54.1519 21 16 38
46.7822 47.6687 35 10 -3
47.6687 48.3037 10 16 -3
54.1519 55.1327 16 10 -3 38
54.955 55.2451 13 0 -2 37
55 55.8844 4 21 39
55.1327 57.9695 10 11 -3 38
55.2451 57.3692 0 1 -2 37
55.8368 57.0512 10 15 -6 41
55.8844 56.3165 21 16 39
49.6187 50.2401 15 6 -5
50.2401 50.7118 6 16 -5
56.3165 58.0568 16 20 -5 39
57.0512 57.7558 15 2 41
57.7558 58.944 2 5 41
58 58.5917 41 2 42
58.0568 58.3074 20 19 -5 39
58.3074 58.5099 19 8 -5 39
58.5099 59.3883 8 9 -5 39
58.5917 59.2964 2 15 42
59.2964 60.5108 15 10 -6 42
59.3883 60.0995 9 24 -5 39
60.5108 63.3476 10 11 -6 42
