73
44 15 270.0166416
10 11 277.1898363
18 39 58.39035132
13 16 238.8589885
10 13 86.93004916
21 5 655.3557374
4 5 410.5701116
45 37 119.5634492
13 7 206.8821279
9 24 191.1526107
27 18 178.645412
28 33 205.7748943
40 22 134.3049847
42 30 174.3916815
31 3 81.8159608
0 43 123.6831421
12 24 246.2458649
12 42 339.778226
15 2 270.5921169
10 35 127.6546236
9 32 140.7360068
2 3 278.1227556
0 1 251.8626597
33 18 225.0238977
40 42 152.2019466
4 41 288.1919175
8 12 121.8205679
2 29 315.3047628
15 3 69.16861273
12 40 234.8941148
19 8 47.63018916
28 30 308.4151996
13 0 77.9639623
21 2 445.9281382
30 18 436.2716913
40 9 229.4577372
21 4 297.1508085
16 34 296.3206745
45 17 373.6308274
17 18 281.0870454
18 26 98.81552937
38 46 460.2848327
30 33 260.5701136
24 22 179.7422785
10 16 263.6393465
27 45 355.6231614
7 36 157.6035239
7 20 192.4522229
34 13 215.0532376
43 36 223.5714878
6 7 352.936821
10 25 108.6630553
37 38 414.6912251
13 15 410.4549185
7 16 260.1771091
6 16 171.4172136
36 19 116.7439955
33 23 261.600589
20 16 409.3111575
10 15 326.4328417
34 15 195.7328443
44 2 156.0644819
14 0 45.6421557
8 9 206.5979139
2 5 456.2676239
16 21 145.1826364
27 28 275.6604549
13 43 130.3081116
19 20 58.95750201
6 15 280.7806599
2 41 227.2269304
22 23 124.9092209
17 28 285.0795135
