42
11 41 -2 15 15 0 12.0 0 10.5
25 29 -1 15 15 0 12.0 0 10.5
25 41 1 15 15 15 9.0 2.2 12.0
4 27 4 15 15 15 9.0 2.2 12.0
11 24 5 15 15 15 9.0 2.2 12.0
25 27 9 15 15 15 9.0 2.2 12.0
35 27 10 14 14 14 8.4 2.1 11.2
5 35 4 14 14 14 8.4 2.1 11.2
5 35 4 19 19 19 11.4 2.9 15.2
35 24 12 19 19 0 15.2 0 13.3
5 35 6 19 19 0 15.2 0 13.3
5 35 13 19 19 0 15.2 0 13.3
4 1 23 19 19 19 11.4 2.9 15.2
11 5 7 16 16 0 12.8 0 11.2
16 24 10 14 14 14 8.4 2.1 11.2
11 4 21 14 14 0 11.2 0 9.8
27 25 1 15 15 15 9.0 2.2 12.0
6 5 16 15 15 15 9.0 2.2 12.0
35 24 16 15 15 15 9.0 2.2 12.0
11 5 14 14 14 0 11.2 0 9.8
29 1 21 14 14 14 8.4 2.1 11.2
24 11 5 12 12 0 9.6 0 8.4
18 41 17 16 16 0 12.8 0 11.2
28 29 13 16 16 0 12.8 0 11.2
6 1 29 16 16 0 12.8 0 11.2
4 1 36 14 14 0 11.2 0 9.8
11 24 38 14 14 0 11.2 0 9.8
29 24 35 18 18 0 14.4 0 12.6
35 27 43 18 18 0 14.4 0 12.6
4 35 44 18 18 0 14.4 0 12.6
41 11 44 18 18 0 14.4 0 12.6
44 6 44 16 16 0 12.8 0 11.2
27 4 34 16 16 0 12.8 0 11.2
25 5 48 16 16 0 12.8 0 11.2
25 5 51 16 16 0 16 0 0
5 35 50 16 16 0 12.8 0 11.2
41 1 51 16 16 0 12.8 0 11.2
4 11 53 16 16 0 12.8 0 11.2
4 24 55 14 14 0 11.2 0 9.8
25 29 55 14 14 0 14 0 0
11 5 53 16 16 0 12.8 0 11.2
41 11 58 16 16 0 12.8 0 11.2
