-4 -3.37585 16 10 -3
-3.37585 -1.03244 10 11 -3
-1.03244 1.31096 11 10 -3 1
-4 -3.54915 41 2 -2
-4 -3.54131 6 16 -4
-3.54915 -3.01226 2 15 -2
-3.54131 -2.91716 16 10 -4
-3.01226 -2.26126 15 10 -2
-2.91716 -2.52154 10 25 -4
-1 -0.568795 25 10 -4 2
-0.568795 0.726581 10 15 -2 2
0.726581 1.47663 15 44 2
1 3.05802 25 10 3
1 6.22087 27 28 17
1.31096 2.60634 10 15 -4 1
2.60634 3.35799 15 2 1
3.05802 4.19148 10 15 -3 3
3.35799 3.98918 2 41 1
4 4.82542 4 21 4
4 5.95047 5 21 8
4 5.43719 5 21 9
4.19148 4.94313 15 2 3
4.82542 5.22871 21 16 4
4.94313 5.57432 2 41 3
5 10.2498 11 10 5
-4 -3.24938 27 18 -1
-3.24938 -2.65928 18 33 -1
-2.65928 -1.9185 33 23 -1
-1.9185 -1.44536 23 22 -1
-1.44536 -0.890594 22 24 -1
5 6.22146 24 12 -1 22
0.726581 1.33813 15 6 -2
1.33813 1.79682 6 16 -2
5.22871 6.64994 16 20 -2 4
5.43719 5.75558 21 16 9
5.75558 9.54352 16 10 9
5.95047 6.38257 21 16 8
6 7.43719 5 21 11
2.60634 3.55184 15 13 -4
3.55184 4.08087 13 7 -4
4.08087 4.72389 7 20 -4
4.72389 4.96356 20 19 -4
4.96356 5.09462 19 8 -4
5.09462 5.35431 8 12 -4
5.35431 6.46551 12 42 -4
6.46551 6.85478 42 30 -4
6.85478 7.7115 30 28 -4
7.7115 8.78239 28 30 -4 17
6.22146 6.7502 12 8 -1 22
6.38257 11.6135 16 10 8
6.64994 7.76656 20 19 4
6.7502 6.98647 8 19 -1 22
6.98647 7.62651 19 36 -1 22
4.19148 4.94248 15 10 -3
4.94248 7.28588 10 11 -3
7.28588 9.62929 11 10 -3 14
6.64994 7.87377 20 16 -2
7.87377 8.1587 16 21 -2
8.1587 8.55669 21 16 -2 11
7.62651 8.7355 36 43 -1 22
7.76656 8.66866 19 8 4
8.55669 9.38263 16 10 -2 11
8.66866 9.00705 8 12 4
8.7355 9.38188 43 13 -1 22
8.78239 9.26681 30 42 17
9 11.058 25 10 6
8.78239 9.17166 30 42 -4
9.26681 10.4466 42 12 -4 17
10.4466 11.6264 12 42 -4 4
9.38188 9.81308 13 10 -1 22
9.54352 10.5106 10 35 -2 11 9
9.62929 10.8437 10 15 -3 14
9.81308 12.1565 10 11 -1 22
10 12.5328 35 10 7
12 12.9671 35 10 -2 10
12.1565 14.4999 11 10 -1
14.4999 15.1102 10 16 -1
15.1102 16.6329 16 20 -1 15
10.2498 11.8963 10 13 5
10.4466 10.785 12 8 17
10.785 11.6871 8 19 17
10.8437 11.5484 15 2 14
11.058 12.7044 10 13 6
11.5484 12.7366 2 5 14
11.6135 14.1464 10 35 8
11.6264 12.1108 42 30 4
11.6871 13.8982 19 36 17
11.8963 15.8145 13 7 5
11.6264 12.0157 42 30 -4
12.1108 13.6257 30 18 -4 4
12.5328 14.2577 10 13 7
12.7044 16.6227 13 7 6
12.9671 13.2394 10 13 -2 10
13 14.4372 5 21 12
10.8437 11.7892 15 13 -3
13.2394 13.8876 13 7 -3 10
14.2577 15.0273 13 7 -2 7
13.6257 14.2158 18 33 -4
14.2158 14.8927 33 28 -4
14.8927 16.04 28 30 -4 24
13.6257 17.0091 18 27 4
15.0273 15.7433 7 20 -3 10 7
13.8982 18.1325 36 43 17
15.0273 15.5433 7 13 -2
15.5433 15.7503 13 10 -2
15.7503 18.3583 10 11 -2
18.3583 20.9663 11 10 -2 20
14.4372 14.7556 21 16 12
16.6329 17.821 20 16 -1
17.821 18.5437 16 10 -1 12
16.6329 16.9254 20 19 -3 10 7 15
15.8145 19.4594 7 20 5
16 21.3178 6 15 18
16 16.3546 35 10 19
16.04 16.6077 30 42 -4 24
16.3546 16.5961 10 13 19
16.5961 20.5143 13 7 19
16.6077 17.8718 42 12 -4 24
16.6227 20.2676 7 20 6
16.9254 17.1026 19 8 -3 10 7 15
17.8718 19.0027 12 42 -4
19.0027 19.3636 42 30 -4
19.3636 20.8051 30 18 -4
20.8051 22.4281 18 30 -4 23
17.1026 17.8712 8 9 -3 10 15
17.1026 17.4651 8 12 7
18.5437 18.7507 10 13 -1
18.7507 19.2667 13 7 -1
20.5143 21.1826 7 20 -1 19
21.1826 21.4555 20 19 -1 5 6 19
17.8712 18.4118 9 8 -3
18.4118 18.6868 8 12 -3
18.6868 19.9509 12 42 -3 7
19.9509 20.4516 42 40 -3
20.4516 21.021 40 9 -3
21.021 21.9692 9 24 -3 10 15
21.9692 22.7917 24 12 -3
22.7917 23.1883 12 8 -3 24
18.1325 20.6005 43 13 17
20.9663 21.6526 10 35 -2 12
19.9509 20.4699 42 30 7
22.4281 24.0512 30 18 -4 7
20.6005 20.8419 13 10 17
20.8419 21.1438 10 25 17
21.6526 22.3389 35 10 -2
22.3389 23.7268 10 15 -2 20
23.7268 24.5065 15 10 -2
24.5065 27.1145 10 11 -2
27.1145 29.7225 11 10 -2 16
21 21.9384 29 2 21
21.3178 22.0695 15 2 18
21.4555 22.3576 19 8 5
21.4555 22.3576 19 8 6
21.4555 22.3576 19 8 19
21.9384 23.2656 2 21 21
22.0695 23.3369 2 5 18
22.3576 26.2705 8 9 19
22.3576 22.696 8 12 6
22.3576 26.2705 8 9 5
21.4555 21.6002 19 8 -1
21.6002 21.8753 8 12 -1
22.696 23.8758 12 42 -1 6
23.8758 24.6832 42 30 -1 6
24.6832 25.2508 30 42 -1 23
23 23.6517 4 21 13
23.1883 23.3655 8 19 -3 24
23.2656 23.6977 21 16 21
23.3655 24.0228 19 36 -3 24
23.6517 23.97 21 16 13
23.6977 28.437 16 13 21
23.7268 24.5321 15 2 20
23.97 27.4019 16 13 13
24.0228 25.0998 36 43 -3 24
24.0512 27.5957 18 27 7
24.5321 25.8901 2 5 20
24.0512 25.4926 18 30 -4
25.4926 27.0074 30 18 -4 6
25.0998 25.5846 43 13 -3 24
25.2508 26.5149 42 12 -1 23
25.5846 26.9207 13 15 -3 24
26.2705 26.8014 9 24 5
26.2705 26.8014 9 24 19
26.5149 26.9115 12 8 -1 23
26.9115 27.0887 8 19 -1 23
26.9207 27.6254 15 2 24
27.0074 30.3909 18 27 6
27.0887 27.3023 19 20 -1 23
27.3023 28.825 20 16 -1 23
27.4019 28.5221 13 0 13
26.9207 27.5301 15 2 -3
27.6254 28.1334 2 44 -3 24
28.437 29.9839 13 0 21
28.5221 32.1409 0 1 13
28.825 29.2031 16 21 23
28.825 29.2989 16 6 -1
29.2989 30.6119 6 7 -1 25
29.2031 30.3644 21 2 23
29.7225 30.7033 10 16 -2 16
29.9839 34.9812 0 1 21
30.3644 30.9561 2 41 23
30.6119 31.3816 7 13 -1 25
30.7033 31.1354 16 21 16
31.1354 32.0197 21 4 16
31.3816 31.6716 13 0 -1 25
31.6716 33.8667 0 1 -1 25
27.0074 27.8831 18 27 -4
34 35.0255 27 28 -4 33
35 35.7299 29 2 28
35.0255 36.1729 28 30 -4 33
35.7299 36.7621 2 21 28
36 36.8844 4 21 26
36.1729 36.7406 30 42 -4 33
36.7406 38.0047 42 12 -4 33
36.7621 37.0982 21 16 28
36.8844 37.3165 21 16 26
37.0982 38.4517 16 20 -2 28
28.1334 28.738 44 15 -3
28.738 29.3848 15 6 -3
29.3848 29.8587 6 16 -3
37.3165 39.2134 16 13 -3 26
33.8667 36.0618 1 0 -1
36.0618 36.2821 0 13 -1
36.2821 36.489 13 10 -1
36.489 39.097 10 11 -1
39.097 41.705 11 10 -1 27
38.0047 38.4012 12 8 -4 33
38.4012 38.5784 8 19 -4 33
38.4517 38.6654 20 19 -2 28
38.5784 38.792 19 20 -4 33
38.6654 38.8229 19 8 -2 28
38.792 40.3148 20 16 -4 33
38.8229 39.5061 8 9 -2 28
39.2134 39.5449 13 0 -3 26
39.5061 40.0592 9 24 -2 28
39.5449 41.74 0 1 -3 26
40.3148 40.6929 16 21 33
40.6929 41.4667 21 4 33
41.705 42.0284 10 13 -1 27
42.0284 42.908 13 7 -1 27
42.908 43.7263 7 20 -1 27
40.3148 40.9251 16 10 -4
40.9251 41.6114 10 35 -4
43 43.8865 35 10 -4 29
43.7263 43.9769 20 19 -1 27
43.8865 44.174 10 13 -4 29
43.9769 44.1795 19 8 -1 27
44 44.6879 4 21 30
44 44.526 41 2 31
40.0592 40.8817 24 12 -2
40.8817 41.1568 12 8 -2
41.1568 41.3015 8 19 -2
41.3015 41.5151 19 20 -2
41.5151 42.0604 20 7 -2
42.0604 42.4965 7 13 -2
42.4965 43.4405 13 15 -2
43.4405 44.0451 15 44 -2
44.0451 44.9241 44 15 -2 32
44.174 44.8581 13 7 -4 29
44.1795 45.0578 8 9 -1 27
44.526 45.1524 2 15 31
44.6879 45.0239 21 16 30
44.8581 45.4945 7 20 -4 29
44.9241 45.8381 15 6 -2 32
41.74 43.9351 1 0 -3
43.9351 44.1262 0 13 -3
44.1262 45.9501 13 16 -3
45.9501 46.8219 16 10 -3 30
45.0578 45.769 9 24 -1 27
45.8381 46.4595 6 15 -2
46.4595 47.539 15 10 -2 31
45.4945 45.723 20 19 -4 29
45.723 45.8805 19 8 -4 29
45.8805 46.2834 8 12 -4 29
46.2834 47.4245 12 42 -4 29
46.8219 47.7084 10 35 -3 30
47.4245 48.0011 42 30 -4 29
47.539 50.3757 10 11 -2 31
45.769 46.595 24 12 -1
46.595 46.8843 12 8 -1
46.8843 47.0387 8 19 -1
47.0387 47.2672 19 20 -1
47.2672 47.7647 20 7 -1
47.7647 48.2009 7 13 -1
48.2009 48.4139 13 10 -1
48.4139 48.7373 10 25 -1
48.7373 49.1416 25 10 -1 34
48.0011 49.516 30 18 -4 29
49.1416 50.356 10 15 -1 34
49.516 50.4182 18 27 -4 29
50 51.7067 5 21 36
50.356 51.0607 15 2 34
51 51.5917 41 2 37
51.0607 52.2489 2 5 34
51.5917 52.753 2 21 37
51.7067 52.0847 21 16 36
47.7084 48.5949 35 10 -3
48.5949 49.2299 10 16 -3
52.0847 53.0656 16 10 -3 36
52.753 53.1311 21 16 37
53 53.7738 4 21 38
53 55.8368 11 10 -2 41
53.0656 53.952 10 35 -3 36
50.356 50.9774 15 6 -1
50.9774 51.4491 6 16 -1
53.1311 54.955 16 13 -1 37
53.7738 54.1519 21 16 38
53.952 54.8385 35 10 -3
54.8385 55.4735 10 16 -3
55.4735 56.4543 16 10 -3 38
54.955 55.2451 13 0 -1 37
55 55.8844 4 21 39
55.2451 57.3692 0 1 -1 37
55.8368 57.0512 10 15 -2 41
55.8844 56.3165 21 16 39
50.4182 51.2266 27 28 -4
51.2266 52.305 28 30 -4
52.305 52.6915 30 42 -4
52.6915 53.8326 42 12 -4
53.8326 54.1219 12 8 -4
54.1219 54.2762 8 19 -4
54.2762 54.5048 19 20 -4
54.5048 55.6541 20 16 -4
56.3165 58.0568 16 20 -4 39
56.4543 59.2911 10 11 -3 38
57.0512 57.7558 15 2 41
57.7558 58.944 2 5 41
58 58.5917 41 2 42
58.0568 58.3074 20 19 -4 39
58.3074 58.5099 19 8 -4 39
58.5099 59.3883 8 9 -4 39
58.5917 59.2964 2 15 42
59.2964 60.5108 15 10 -2 42
59.3883 60.0995 9 24 -4 39
60.5108 63.3476 10 11 -2 42
