-2 -1.37585 16 10 -3
-1.37585 0.967556 10 11 -3
0.967556 3.31096 11 10 -3 1 5 14
-2 -1.54131 6 16 -4
-1.54131 -0.917162 16 10 -4
-0.917162 -0.521542 10 25 -4
-0.521542 -0.090337 25 10 -4 2 3 6
-2 -1.17458 4 21 4
-2 0.532845 35 10 7
-2 -0.0495252 5 21 8
-2 -0.562808 5 21 9
-2 -1.40826 41 2 -2 31 37 42
-1.40826 -0.703589 2 15 -2 31 42
-0.703589 0.510826 15 10 -2 31 42
0.510826 1.47791 10 35 -2
1.47791 2.445 35 10 -2 10 19 29
-2 -0.562808 5 21 11
-2 -0.562808 5 21 12
-2 -1.34835 4 21 13
-2 -0.974472 27 28 -1 17 33
-0.974472 0.172913 28 30 -1 24 17 33
-0.090337 0.533813 10 16 -4
0.533813 2.05656 16 20 -4 15
2.05656 2.69958 20 7 -4
2.69958 3.22861 7 13 -4
3.22861 3.44168 13 10 -4
3.44168 5.78509 10 11 -4 31 42
5.78509 8.12849 11 10 -4 16 20 27
-2 3.31785 6 15 18
-2 -1.06159 29 2 21
0.172913 0.980287 30 42 -1 24 17 33
0.980287 1.37122 42 40 -1
1.37122 1.73421 40 22 -1
1.73421 2.28897 22 24 -1
2.28897 3.51044 24 12 -1 22
3.51044 4.62164 12 42 -1
4.62164 5.0109 42 30 -1
5.0109 6.21166 30 18 -1
6.21166 7.8347 18 30 -1 23
7.8347 8.40239 30 42 -1 23
8.40239 9.66645 42 12 -1 24 17 33
2.445 3.06915 10 16 -2
3.06915 3.52784 16 6 -2
3.52784 4.84085 6 7 -2 25
-2 -1.11562 4 21 26
-2 -1.27012 29 2 28
-2 -1.31215 4 21 30
-2 -1.29683 44 15 32
4.84085 5.61051 7 13 -2 25
5.61051 5.82357 13 10 -2
5.82357 6.21919 10 25 -2
6.21919 6.62345 25 10 -2 34
-2 -0.293335 5 21 36
-2 -1.22617 4 21 38
-2 -1.11562 4 21 39
6.62345 8.96685 10 11 -2
8.96685 11.3103 11 10 -2 41
-1.40826 -0.246982 2 21 37
-1.34835 -1.02996 21 16 13
11.3103 12.4312 10 16 -2 16
12.4312 12.9713 16 21 -2 16
12.9713 13.6434 21 16 -2 30 38 4
3.31096 4.60634 10 15 -3 2 3 1
4.60634 5.65091 15 6 -3 32
-1.27012 -0.237877 2 21 28
5.65091 6.1096 6 16 -3
6.1096 6.39453 16 21 -3
6.39453 6.93465 21 16 -3 39 26 12
-1.06159 0.265587 2 21 21
-1.02996 2.40194 16 13 13
8.12849 8.75264 10 16 -4
8.75264 9.03757 16 21 -4
9.03757 9.56821 21 16 -4 11 9 36
6.93465 7.21958 16 21 -3
7.21958 7.93974 21 16 -3 37 28 8
-0.090337 1.55608 10 13 6
0.265587 0.697681 21 16 21
0.532845 2.25766 10 13 7
0.697681 5.43697 16 13 21
1.55608 5.47432 13 7 6
2.05656 3.22636 20 19 15
2.25766 6.36249 13 7 7
2.40194 3.52212 13 0 13
7.93974 8.92055 16 10 -3 12 8
8.92055 9.22239 10 13 -3 10 19 29
3.22636 4.1714 19 8 15
3.31096 4.95737 10 13 5
9.22239 9.43545 13 10 -3
9.43545 10.6499 10 15 -3 14
3.31785 4.0695 15 2 18
9.66645 10.1952 12 8 -1 22
3.52212 7.14085 0 1 13
4.0695 5.33691 2 5 18
4.1714 8.27059 8 9 15
4.60634 5.35639 15 44 2
4.60634 5.35799 15 2 3
4.60634 5.35799 15 2 1
4.95737 8.87562 13 7 5
5.35799 5.98918 2 41 1
5.35799 5.98918 2 41 3
5.43697 6.98389 13 0 21
5.47432 9.11927 7 20 6
10.6499 11.5954 15 13 -3
11.5954 11.8854 13 0 -3 25
6.36249 10.181 7 20 7
10.1952 10.4315 8 19 -1 22
10.4315 10.6711 19 20 -1
10.6711 11.3141 20 7 -1
11.3141 11.8432 7 13 -1
11.8432 12.0562 13 10 -1
12.0562 13.2707 10 15 -1 34
9.56821 11.3085 16 20 -4 39 28
13.6434 15.5273 16 13 -2 26 37
6.98389 11.9812 0 1 21
11.8854 12.1094 0 13 -3
12.1094 12.3225 13 10 -3
12.3225 13.7104 10 15 -3 20
13.2707 14.0217 15 10 -1
14.0217 14.3451 10 13 -1 27
8.27059 12.0633 9 24 15
14.3451 15.0634 13 7 -1 10 19 29
13.7104 14.6559 15 13 -3
14.6559 15.5355 13 7 -3 27
15.5355 16.2038 7 20 -3 5 10 19
15.5355 16.3538 7 20 -1 29 27
11.3085 11.5592 20 19 -4 6 7 39
11.5592 11.7617 19 8 -4 6 7 39
11.7617 12.3659 8 12 -4 6 7
12.3659 13.63 12 42 -4 6 7
13.63 14.8941 42 12 -4 23
14.8941 15.4581 12 8 -4 24 17 33
15.5273 15.7343 13 10 -2
15.7343 16.4206 10 35 -2 12 8
16.4206 17.1069 35 10 -2
17.1069 17.7172 10 16 -2
17.7172 18.6808 16 10 -2 11 9 36
16.3538 16.6267 20 19 -1 28 5 10
16.6267 17.2841 19 36 -1 22
10.6499 11.3545 15 2 14
18.6808 19.8952 10 15 -2 41
11.3545 12.5427 2 5 14
15.4581 16.3365 8 9 -4 39
16.2038 16.749 20 7 -3
16.749 17.265 7 13 -3
17.265 17.5965 13 0 -3 26 37
17.5965 19.7916 0 1 -3 25
12.9713 13.8557 21 4 16
13.2707 13.9753 15 2 34
13.63 14.1144 42 30 6
13.63 14.149 42 30 7
19.7916 21.9867 1 0 -3
21.9867 22.2069 0 13 -3
22.2069 24.1039 13 16 -3
24.1039 24.9621 16 10 -3 30 38
17.2841 17.7465 36 7 -1
17.7465 18.3864 7 16 -1
18.3864 19.8077 16 20 -1 4
13.7104 14.5158 15 2 20
13.9753 15.1635 2 5 34
16.3365 16.9059 9 40 -4
16.9059 17.4066 40 42 -4
17.4066 17.7675 42 30 -4
17.7675 19.3905 30 18 -4 6 7
14.5158 15.8737 2 5 20
19.8077 20.0806 20 19 -1 19 29 27
19.8952 20.8858 15 13 -2
20.8858 21.4018 13 7 -2
21.4018 21.9471 7 20 -2
21.9471 22.22 20 19 -2 4
22.22 22.3854 19 8 -2 28 5 10
19.3905 20.832 18 30 -4
20.832 21.1929 30 42 -4
21.1929 22.3238 42 12 -4
22.3238 22.7204 12 8 -4 23
22.3854 22.5626 8 19 -2 24 17 33
22.7204 23.4377 8 9 -4 28 5 10
23.4377 24.1489 9 24 -4 39
24.1489 24.9714 24 12 -4
24.9714 25.2465 12 8 -4
25.2465 25.4237 8 19 -4 23
25.4237 26.081 19 36 -4 24 17
26.081 27.19 36 43 -4 22
22.5626 23.2199 19 36 -2
23.2199 24.2969 36 43 -2
24.2969 24.6227 43 0 -2
24.6227 26.8178 0 1 -2 26 37
24.9621 25.6484 10 35 -3 11 9 36
19.3905 22.774 18 27 6
19.3905 22.9351 18 27 7
19.8952 20.5999 15 2 41
20.0806 20.9827 19 8 19
20.0806 20.2831 19 8 -1 29 27
20.2831 20.6356 8 12 -1 29
20.6356 20.9107 12 8 -1
20.9827 21.8611 8 9 -1 27 19
20.5999 21.7881 2 5 41
25.6484 26.3347 35 10 -3
26.3347 26.5417 10 13 -3
26.5417 27.0577 13 7 -3
27.0577 27.603 7 20 -3
27.603 27.8166 20 19 -3
27.8166 27.982 19 8 -3 4
26.8178 29.0129 1 0 -2
29.0129 29.3387 0 43 -2
29.3387 30.4156 43 36 -2
30.4156 31.0729 36 19 -2
31.0729 31.2177 19 8 -2
31.2177 31.7816 8 12 -2 4
31.7816 32.9126 12 42 -2 29
21.8611 22.7461 9 24 -1 27 19
22.7461 23.5686 24 12 -1
23.5686 23.8437 12 8 -1
23.8437 23.9884 8 19 -1
23.9884 24.202 19 20 -1 33
27.982 28.5226 8 9 -3
28.5226 29.4076 9 24 -3 28 5 10
24.202 25.7247 20 16 -1 33
25.7247 26.335 16 10 -1
26.335 27.0213 10 35 -1 30
27.0213 27.7077 35 10 -1
27.7077 30.3157 10 11 -1 38
29.4076 30.2301 24 12 -3
30.2301 30.5052 12 8 -3
30.5052 30.6499 8 19 -3
30.6499 30.8635 19 20 -3 23
25.7247 26.1028 16 21 33
30.3157 32.9236 11 10 -1
32.9236 33.1306 10 13 -1
33.1306 33.4613 13 43 -1
27.19 28.2669 43 36 -4
28.2669 29.3439 36 43 -4 24 17
26.1028 26.8767 21 4 33
29.3439 29.9902 43 13 -4 22
33.4613 33.9461 43 13 -1 24 17
29.9902 30.3675 13 10 -4 22
30.3675 32.9755 10 11 -4 22
30.8635 32.3863 20 16 -3 23
32.9755 35.5835 11 10 -4
35.5835 35.7905 10 13 -4
35.7905 36.3065 13 7 -4
36.3065 36.8518 7 20 -4
36.8518 37.0654 20 19 -4
37.0654 37.2101 19 8 -4
37.2101 37.4851 8 12 -4
37.4851 38.6649 12 42 -4 4
32.3863 32.7643 16 21 23
32.7643 33.9256 21 2 23
32.9126 33.4172 42 30 -2 29
33.4172 34.8599 30 18 -2 29
33.9256 34.5174 2 41 23
33.9461 35.2822 13 15 -1 24
33.9461 34.1876 13 10 17
34.1876 34.4894 10 25 17
34.8599 35.7356 18 27 -2 29
35.2822 35.9869 15 2 24
32.3863 32.7132 16 21 -3
32.7132 33.7176 21 2 -3
35.9869 36.4949 2 44 -3 24
38.6649 39.1494 42 30 4
35.7356 36.5369 27 28 -2
36.5369 37.5448 28 30 -2
39.1494 40.6642 30 18 -2 4
40.6642 44.0477 18 27 4
